1 7853 8563 11375 12926 13337 14440 14741 14951 15564
2 13696 19595
3 4458 12317
4 837 3196 10114 17946 19200
5 10878 11301 12060 18815 19831 20281 20839 21879
6 954 1385 1813 4848 8430 8543 10462 13135 15393
7 193 2625 2667 3371 6198 10842 20764 22029
8 5604 14387 22148 24563
9 4753 23189
10 1506 3940 6273 7498 18303
11 399 7335 9529 20695 24498
12 8056 8545 12672 17540 18153 23052
13 1824 7692 20758 23338 23742
14 12637 13459 16091
15 1745 15666 17135 24721
16 6331 15632 18567 23852
17 13783 20002 20813
18 127 1370 12010 18336 18626 18752 19370 21478
19 4202 10106 17320 21335
20 994 3010 7769 11053 18376 22889 24114 24327
21 3385 18346 19166 19453 19554 22925
22 5522 5802 20526
23 1873 4670 23611
24 2979
25 14968 15540 17652 20697
26 3133 3848 7283 8629 11360 12513 15413
27 1487 5614 5681 12921 22098
28 1160 7222 7850 10107 17466
29 11306 16335 17265 21969 23243
30 8844 10710 12939 15286 16945 21153 22627
31 6801 8635 10480 12592 19403 21425 23924
32 558 4254 7364
33 1474 9913 15550 19328
34 12334 12428 14441 17810 18961
35 14875 24045
36 738 1977 4308 4820
37 1194 16700
38 1382 5211 5780 7306 9978 11113 21516 22517
39 410 4822 5164 24104
40 2645 2807 18390
41 10204 15379 18240 18477
42 1235 1663 21396
43 2143 5820 13012 17785 22759
44 3546 4491 5724 12695 18877 24500
45 6145 12039 19289 19581
46 461 3254 11155 17212 19777 23385 24737
47 10610 14763 18657 20420 20843 23228
48 676 1386 6018 8204 10811 10904 13970 19676 24051
49 2536 12298
50 3487 3912 10063 10919 11797 12255 13178 22899
51 2979 17148
52 4975 8633 11574 15928 16587 23687
53 7109 7872 13130 14380 15353
54 3676 5412 14448 20695
55 3651 9153 19831 21424
56 3214 11173 13941 14465 18558 20509 22087
57 3730 18685 22703 23038
58 444 3252 9192 17089 18195
59 360 11597 16293 24208
60 6292 18484
61 1186 4947 5513 9374 15971
62 3089 4454 10214 20828 21419 23342
63 3414 12922 13325
64 303 3133 8629 11360 15308 15413
65 7074 8673 9157 9876 11489 16335 18939
66 20462
67 4280 11316 20460
68 566 1250 8110 14480 22117
69 14714 17382 17949
70 1529
71 8892 17409 23271
72 9241 10176 24683
73 446 3574 24108
74 4243 8259 14860 22627 23898 24263
75 371 1351 5328 5808 20989 21601
76 5657 6566 9718 11951 17513 22087
77 9014 17095 24768
78 10973 21456 23887
79 9085 12936 13444 14237
80 1344 20685
81 5639 23861
82 2770 9305 10094 15879
83 6563 8545 17540 18153
84 446 4730 6097 21913
85 1239
86 15412 15616 15802
87 4557 9930 23782
88 4548 6683 12040
89 1852 9140 13185 16759 17631 20925
90 1400 5639 23861 23944
91 934 4995 9900 16312 20830
92 11915 16645 22806
93 1796 11044 11168 18058 20844
94 4446 6990 7162 7461 20191
95 14951 22438
96 682 6835 17725 23189
97 7047 8296 12346 15864 19692
98 620 3353 10406 14535
99 740 790 1859 3615 19915
100 126 1427 8902 10746 13639 15965 17166 18807 20932 24469
101 9994 10031 11587 12594 13523
102 539 1554 14118 16685
103 2319 9500 10965 11039 14604 21806
104 2639 20229
105 1411 14933
106 463 3073 4980 11866 13783
107 1727 5008 12219 14924 16196 18182 18829 20997
108 410 1225 1231 4194 5322 7604 19197
109 1113 7616 9488 13922 17428 17701 23363
110 817 17582 19634 21604
111 6338 12665 13497 24165
112 571 7995 8037 8133 11423 21285
113 3594 18909 20908
114 4873 11053 11784 16710 19818 20198
115 96 278 1914 6682 6854 12143 14557 17168 19277 20056 22069
116 3018 16329 17986
117 461 4311 11367 17212
118 3755 7252 17518
119 7498 22658 23782
120 5591 6385 12221 14875 22142
121 538 6469
122 3630 4148 4621 11784 12899 14966 19361 20160 20619
123 9 2725 15618 18809 22022
124 2360 11819 21398 22067 22734
125 12884 20066
126 628 7098 9778 13535
127 11193 11292
128 377 934 4995 16312 17688 18118 18906 20830 22750
129 2897 10586 13129 13321 15446 16718 17983
130 10092
131 1168 3159 12851 20378 21815
132 12 125 6737 9938 14327 14721 20577
133 3379 12945
134 10178 14571 22159 23460 24978
135 500 619 9556 18246 24374
136 4399 12463 18089
137 9500 10965 14604 20026 21806 22928
138 8976 9131 9914
139 536 5262 12132
140 1097 24532
141 1461 2840 10271 11722 13925 16908 20073
142 1382 9978 11113 12148 22517
143 3666 3671 4194 5322 7077 7604 12790 20521 24046
144 5986 7273 11648 14681
145 5504 10277 10465
146 25 2708 3572 8960 18758 19245 22028 22937
147 1184 1578 15494
148 1827 13514 17839 21355
149 3385 18346 19166 19453 19554 22925
150 14175
151 1267 6291 7905 13178 14169
152 4972 6917 8545 10205 17540
153 432 5106 9592 15458
154 4935
155 5616 6250 9921
156 4946 5778 7378 14237 15915 18142 19809
157 3555 4296 11693 14008 14717 16165 20685 21385
158 2053 3397 5965 5975 10755 19269 20366
159 5103 5553 17339 20410
160 2143 13012 17785 19945 20601 22759
161 1835 7461 9786 16882
162 13639 17166 24342
163 1119 20115 21072
164 3821 17860 20959 21271
165 1399 10159 13150 16789 20938
166 2803 8134 15303 17842 18978
167 5480 5513 8587 21098
168 1750 5013 8128 9722 12239 16878 20293
169 20073
170 5295 13870 14405 17766 19893
171 7577 10233 15494 23105 23716
172 960 13669 13764 14163
173 2507 12960 16778 17601 18898
174 2141 2255 3604 9213 17583 18490 20878
175 1529 23967 24861
176 8949 9752 20180
177 539 1554 9956 10208 15536 21271
178 5331 15010 19053 23652
179 2028 4873 13339
180 4396 7724 19620
181 1363 6018 7234 7673 7847 16360 21938 24805
182 2080 2090 3111 14496
183 7216 8987 13542
184 1217 3261 6798 11410 12435 12559 21361
185 11451 18780 22358
186 2329 15628
187 4197 4729 5330 5791 7138 8497 12029 12621 13751 13779 14659 15075
188 6448 12897 15602 18623
189 6104 7838 7902 8804 12927 22549
190 5071 23898
191 503 6465 12067 12790 19622 23404 24046
192 3186 5840 10197 13488
193 2625 19090 19926
194 1040 2722 4946 11346 14310 16151
195 1803 5328 18525 24878
196 10176 24683
197 7759 8857 18526
198 8138 9702 15647 16514 18197 19751
199 7768 12103 17701 20666 21996
200 1184 16560 17747 22049 22668
201 16769
202 4908 10506 14992
203 2170 9730 10495 10505 11585 22030 22938
204 8011 8592 14783 18553 20039 23188
205 463 873 8355 9864 16041 17246 20359
206 4873 11784 16710 19818 20198
207 3572 23434
208 1228 6004 9656 10582 13524 20358 21685
209 6133 11738 14676 18563
210 1293 1878 3626 9328 12212 13611 20959 21335
211 1773 6717 8184 9629 13565 13812 20164 23148 24029
212 6884 16793
213 13444 14381 17815
214 1613 3596 7379 7851 11244 11310 14224 17032
215 3310 14417 17901 19618 24329
216 7322 21219 23161
217 11027 11816 18522 22485
218 6313 9344 17464 22660
219 12934 13066 18786
220 3544 6178 6774 11724 14738 18852 24084
221 4295 9595 16052 23953
222 16384 16560 22049
223 1735 8577 12939 15041 20163
224 812 1940 5682 9764 15641 17374
225 2069 4911 11723 13119 18477
226 6757 17842 21914
227 2651 3092 3901 5742 10277 11667 12761 18055
228 572 3045 3380 3953 4847 11057 14139 16279 17745 18752 23282 23791
229 1780 2517 18450
230 131 6225 18334 23570
231 659 7211 18383
232 1097 10370 12488 18616 22187 23473 23709
233 867 3243 4913 8856
234 7442 7669 8711 22865
235 1077 18217 21237
236 6330 10646 13130 13324 20832
237 9328 15684 20523
238 3554 9034 16883 23570
239 1905 15023 15320 21024
240 1163 8815 10506 17356 20100
241 3615 4570 11749 15401
242 1267 7692 15444 19972
243 118 1269 3216 9499 23644
244 12851 17423 17904 20378 21815
245 9321 15714
246 3310 4922 14417 17901 24329
247 539 2319 10965 13587 15219 20026
248 7285 16684 18015
249 1220 13381 20073
250 3948 5402 5778 6090 7497 9124 9175 9934 15915 20840 23964
251 16279 19730 20243
252 11030
253 1465 8680 10762 13474 16534 19806
254 510 2025 14188 22624 22995
255 7322 21219 23161
256 1220 11301 11722 16908 18815 20073
257 140 5947 17683 23660
258 442 16137 24685
259 371 1351 11473 18545 21601
260 1152 5897 24320
261 502 2699 3250 5312 8002 10266 15398
262 3810 20743
263 4668 5883 9656
264 2781 6174 11169 11619 12071 23742
265 4492 9573 20280 21592 23216
266 10640 11607 18305
267 4997 17090 18457 19398
268 5989 11890 14282 14425 16741 17279 20039 23188
269 1559 3752 18334 19349 21460 22934
270 682 962 6835 12308 17725 19427
271 5681 6346 9218 10246 10924 14088 18642 20043
272 3192 3678 22202 22728
273 7952 12298 17343 18020 20789
274 3121 3267 5749 10454 18288
275 3784 10929 11528 12235 18477 18877
276 1873 23611
277 8042 16312 16854 18538 21931
278 1374 2501 13587 13610 14689 16726 23032
279 8976 9914
280 1261 15915 22667 23289
281 1989 6123 7974 13938 23543
282 2191 12939 19314
283 14148
284 1279 2497 5994 17958 24978
285 325 3417 12898 14322 18779 19908 21167 24595
286 607 1176 7288 13007 18442 23228 23402
287 630 7222 9894 10282 11923
288 89 536 3315 5262 6900 12132 19044 23178
289 10499 15008 21045
290 13317 16818
291 610 2815 8465 21113 22668
292 2451 12843 15387 16205 16776
293 6131 7800 18049
294 11573 14791 16800 20047 23317
295 3940 6273 7498 9641 18303
296 4564 9876 21433 21516
297 4162 6783 13459 22143
298 4173 11431 18379
299 1628 3261 18557 19895 22839
300 5766 6397 11551 12120 15324 24314
301 19720
302 2109 3900 6112 13334 18466 23525 24431
303 8307 15412
304 2589 3934
305 325 6682 17398
306 8940 15915 15991
307 1241 6145 12039 19581
308 7207 11169 13716 15510
309 3623 9763 9978 18234 19788 23599
310 7141 12408 12899 22304
311 1750 12239 15672 18251 19701 20293
312 981 8341 16790
313 1478 22001
314 5708 6911 15300 15899 17098 18344
315 34 2359 4664 18040 20770 22813
316 3326 4308 19257 24697
317 5804 10187 24968
318 937 19144
319 6400 11412
320 5337 17265 23243
321 8129 22624 23041
322 1341 10383 10471 13884
323 572 3045 3953 4847 14139 16622
324 3970 7918 11359 16763 19032 20016 20263 22928 24208
325 75 3772 12307 13924
326 1386
327 1384 3835 9023 10067 12493 18195 18394 19672 20031 21251 21669 24532 24734
328 371 1528 3032 12784
329 16038
330 1367 1813 12259 18541
331 2842 15797 21620
332 14255 19058
333 8752 16052
334 40 4206 10679 18432 22325
335 22 2466
336 3601 4050 7640 9979 11166 11816 16781 23032
337 1855 2961 4189 7002 10177 15915 18165
338 10204 13119 20526
339 6717 13565 13812
340 2536 7677 9381 12298 17396 19778
341 5186 8584 12301 16742 18305 20493
342 471 682 14789 21285 24126
343 1008 5225 6292 14512
344 6801 9294 12592 13989 21425 23924
345 5337 17265
346 9731 12392 23068
347 1072 14283 16629 19087 19361 23892
348 5285 20660
349 17898 18832 20620 22064
350 628 710 4161 4163 6454 8236 10499 15008
351 2869 12075 23716
352 36 18553
353 1121 8674 9531 11982 14729 18671 21864
354 825 3018 6560 12435 16130 16329 17986
355 3777 6961 10173 16685
356 7182 7739
357 3367 5310 10801 13568 14629 14875 15145 16969 17067 18264
358 8426 9373 20162
359 5781 8388 13126 15363
360 4753 15253 23189
361 4194 8538 18551 19087
362 2979 4696 8916 13001 13147 18180 18961
363 1554 2732 6388 8314 12096 12331 19637 22049
364 838 1725 3210 5323 8543 8571 9997 23149 23857
365 5897 9706 12305 14035
366 4197 11569 17771 18742 19203 19425 24077
367 3190 4413 8615 9323 12334 12428 14441 15739 17810 18961 19780
368 1216 1499 13590
369 6883 8858 12026 20656
370 4401
371 5840 9226 19665
372 1478 11403 12219 23323
373 1504 8860 14102 15787 15840 19689 20308
374 3818 4015 6686 15022 19362 21898
375 24069 24327
376 4210 7256 8815 14780 15327 17508 20137 20545 22202 23776
377 2760 6463 14252 17218 20010
378 1688 7009 9192 10594 21299
379 7627 22538 24079
380 118 1269 3216 6997 8602 22841 23141 23644
381 134 9399 14737 20202 22408 23445
382 9451 9972
383 1816 3905 6205 17181 18377 18435 24165
384 3376 6136 11052 11300 13280 19669
385 2913 4066 7023 7047 10373 20908
386 11573 14791 17265 20047 21969 23317
387 711 6244 13639 15800 15916 18320 19634 24863
388 6807 8009 13038 15458 19761 20002
389 10509 21099
390 7997 8925 18286
391 19480
392 2063 9179 20416
393 414 4104 4182 10834 12210 12682 17081
394 4576 15556 23592 23850
395 4390 4750 10866
396 3970 7029 7114 8019 20016 20263 24208
397 3876 7483 13921
398 2145 14537 14756 21297 21398 22734
399 1319 5851 9354 12066 13541 14632 14769 15398 16198 19888 23329
400 1313 8949 24498
401 2315 3032 3271 4228 7757 9391 9802 11780 12803 13918 19068
402 1344 8138 16514 19751 20685 20729 20812
403 12808 20866
404 682 2507 12960 17601 18898
405 9500 15318 18778 24298
406 516 3147 5549 9752 22784
407 4167 7300 18443
408 329 3032 5052 7757 9391 11780 13067 23931
409 13679 14638
410 4333 13209 20596 22869
411 1893 10736 11780 22715 23483
412 399 9464 16710 20695 21562
413 1831 7193 7529 14025 14999 23835
414 1664 10321 10380 14244
415 89 536 3315 5262 6900 10598 12132 19044 23178
416 4743 6075 13932 21555 22325
417 1725 2966 3196 7045 11292 16062 17564 19200 19480 23963
418 893 1003 6142 10682 19360
419 2447 19394 20107 20746
420 7665
421 3546 4491 12695 18877
422 14274 14661 24905
423 3521 12199 17360 20388 21616
424 3861 4206 4970 16261 17896 18590
425 2174 2410 5646
426 9116 9646 11496 14379 18479 19481
427 9240 12846 13946 14920 18020
428 6041 14188 22624
429 1581 2625 4746 6319 14625 16311 23587
430 8260 10481 16643 20280 24374
431 578 5993 10801 12502 15379 18240 18477
432 7615 10397 10604 17929 20828
433 3084 6178 15805 23290
434 8420 9259 17017 17810 19656 23573
435 903 11008 18925 23782
436 610 3159 3561 10882 20092 21051
437 4279 5817 14036 23248
438 5986 7273 11648 13197
439 5820 13012 17785 22759
440 13657 16953 20523 23041
441 15470 16532 22844
442 4259 7769 18376 24327
443 610 2815 6843 7594 8465 21113 22668
444 1888 6396 8804 11292 13714 13913 19480 20546
445 2898 3070 14581 17819 17842
446 903 1184 7317 8716 17852
447 3111 12259 12411 21038 21659
448 23594 24550
449 11418 11866 12118 12281 16058 21096
450 17032 21914 24103
451 259 442 9116 9646 11496 14283 14379 18479 19481 23172
452 1735 12939 15041 20163 24948
453 6683 11236 11375 13055
454 1663 2849
455 3952 8360 15563
456 11736 15023
457 1503 7218 13058 13152 15510 17351 23041 23604
458 1385 3089 7882 8586 17068 19166
459 1281 5756
460 3084 7248 8682 20437
461 2237 10848 11320 16914
462 15372 18695 19777
463 3523 9641 18735
464 1896 3893 8273 11693 12843 13461 14008 21385
465 1384 2798 3199 9383 13657 19085
466 3940 6273 7498 18303
467 2143 3934 5820 7644 8661 13012 17785 22759
468 812 1940 5682 9764 12383 15641 17374
469 5778 9175 15915 20840
470 1648 2897 4670 13321 13423 15446 17983
471 146 5897 6109 11242 12910
472 981 8341 16790 18312 24586
473 9538 17626
474 135 624 9622 17504 17751
475 16191
476 4305 14625 18286 19260
477 11528 12235 18877 24902
478 2967 6291 9446 14291
479 2212 4525 14315 20684 20938
480 5342 23706
481 3384 11014 12395 13437 14780 15492
482 585 1458 4603 17711
483 23660
484 3572 14512 22028
485 13005 13825 16381 20667 22400 24478
486 795 13066 15145
487 4401 8402 8603 9328 14035 23138
488 807 1529 4238 14035
489 566 11915 17714 21864 22664 22686 22806 23403
490 5471 12118 19606 20746 22432
491 3315 3666 5262 6900 7077 10598 19044 20521
492 12029 16380 24622
493 1400 5639 19720 23861 23944
494 16532 17760 21237 22844
495 4201 8502 17111 18754 24608
496 150 2612 19370 21999
497 4548
498 11128 16277
499 1973 4131 5725 7617 12659 22867 23503 24555
500 10685 16024 18679
501 2979 10610 13001 13147 18180 18657 20843
502 80 6331 13113
503 1493 8289 9383 10126 18175 19360
504 474 13014 14643 21988
505 2589 11764 13034 15063 16427 19034
506 5285
507 1239 14159
508 1119 1905 9767 11736 15023 15320 21024
509 6104 7902 11242 12468 12927 22408 22549
510 1529 17714 18901 21864 22665 22686 22806 23403 24861
511 3201 4424 22010 22918
512 12515 20306 21151 22298
513 13325
514 47 2869 10811 11206 12056 12075 12900
515 9535 13068 18206 18449 19767 24672
516 6097 12153 22974
517 1003 3025 4343 10644 10921 12287 14579 16100 17106 18383 19528 22775
518 5828 15219
519 11014 15401 22148
520 7437 19242 20812
521 902 2872 12301 21378 23455
522 5241 6469 11053 19798
523 812 9764 15641
524 4750 6920 11565
525 10617 17040 17683 23167
526 9437 17106 23987
527 8423 8818 9446 11273 14629 16881 20427 20627 21350
528 3261 7417 10662 12259 16622 24389
529 472 4520 8195 19110
530 16673 17985 21260
531 3755 7252 11300 13368 16164 21112
532 6448 7827 8324 8864 12515 18390 23032
533 13697
534 409 994 7769 8324 10146 12664 18376 20591 24327 24835
535 6019 10208 15522 15689 20422 21062 23976 24804
536 66 1277 11552 19340 23481
537 9921 19955
538 539 3947 6035 16734
539 5173 6520 7673 9356 11496 11849 12884 14379 16290 17087 20251
540 1914 2857 9374 12732 23001 23463
541 595 3385 5437 6544 12671 12835 14370 18999 19414 19554 22221 24628
542 808 3408 4651 5655 15268
543 592 6835 9018
544 6574 10393 12003 22487
545 3676 4163 8799 17098 18845 20695
546 80 10105 10778 13113 23876
547 3835 12930 16338 17737 19354 21806 23636
548 2815 6843 8465
549 5513 9374 11939 12096 15971 22282 23967
550 360 503 6465 12067 13846 19622 19890 23404
551 3763 5331 10409 19053
552 6331 7690 14380 21880
553 1737 4796 6168 11475 14009 14722 22149 22259 23916
554 1202 1581 5408 8813 19791
555 21352 23031
556 2899 12014 17989
557 1502 5283 5471 10291 14311 21090
558 4746 14951 17633
559 3186 5840 7634 9226 10197 13488 19198 19665 20281
560 9697 24512 24902
561 1160 7222 10107 12367 14630 16314 17466 18736 20753 23488 24179
562 3663 13769 16245 20658 24118
563 3795 16261 19187 20399
564 5549 13035 13268 21210
565 899 5950 9618
566 1186 4947 5513 9374 15971
567 318 4796 5909 9962 22259
568 5569 7503 10120 10346 18615 20460 21385 21520
569 7979 8289 8520 13488 14876 18557
570 4820 5270 6827 9253 11573 15245 21727 24536
571 3630 10610 12206 22792 24324
572 2825 4413 5206 20478 23712
573 8852 9145 14134 22465
574 5831 19285
575 2807 3204 6180 14533 15684
576 3188 3361 11359 12043 12392 24495
577 778 9356 14199
578 140 572 753 4847 14139 18356 23660 23791
579 3018 4158 4995 6573 9331 15666 16479 17135 23782 24721
580 3901 5761 7509 13768 16955 17343 17470 19240
581 5073 8206 10388 10631 14338 14903 19862
582 806 1835 2872 3010 5177 11242 15152 15550
583 2026 5797 22698
584 3784 10929 11528 12235 18477 18877 24902
585 808 3408 5655 15268
586 1401
587 6076 11398 13034 17270
588 5248 11301 20901 21490 23499
589 10539 21770
590 126 1427 8902 10746 18807 20932
591 5247 11245 13885 14495 22105
592 6747 7131 19720
593 3092 9139 9455 12645 16004 20652 22217
594 1202 2268 7889 18309
595 5926 12101 13496 13875 13986 16580 18228
596 8814 14659 17156
597 6004 15965
598 1601 2079 2212 3572 4601 6111 18051 20684
599 4242 14345 16659 20722 23028
600 5681 14088 18642
601 3435 6291 8691 11878 14643 19186
602 1343 6159 20581
603 2142 4576 15556 17673 17753
604 9277 10671 16569 19701
605 2122 8680 10660 20002
606 5736 5778 9175 15915 18011 20840 22333
607 10064 17989 19617 19829
608 6452 8512 23490
609 10634 12308
610 8857 11734 16752
611 3639 7442 7669 17973 22945 24622
612 3515 11810 12847 14937 15189 17381 18193 20007 23433
613 4999 14295 19361
614 47 6220 11206 12056 12075 12900
615 4426 5986 6891 8362 18377 23237
616 198 238 1145 5206 6533 8594 9573 16226 17599 18879 21709 22901 23671
617 1458 7772 14222 17398
618 3196 16448 19200
619 5977 6238 8011 8231 14282 17104
620 2201
621 14163 15788 19943 20556 22110 22551
622 1988 5133 21099
623 214 6782 6936
624 4492 7806 20017 22964
625 4018 18936
626 8514 20545
627 360 6465 13846 19622 23404
628 1179 6683
629 1584 2416 8998 10415 23912
630 9814 10548 19184 20382 21156 21899 24301
631 4050 9839 13943
632 2259 3307 5403 6161 8191 12651 14305 15326 16730 17668 20454 21984
633 6408 7434 9982 21469 24387
634 930 3039 5619 9451 10526 21062
635 2869 11206 12075
636 36 10671 12221 14875 16185 18189
637 10605 23404 24609
638 7954 8695 12764 18804 20369
639 553 7025 17276 17447 17594 19911 21000 24380
640 5558 5761 17023
641 6870 7226 8135 15915
642 2429 7373 17719 17722
643 4401 4623 6502 7821 8419 19992 20352 21331
644 1573 1762 5478
645 329 870 4863 17578 19037 22970
646 1474 1756 2201 3012 6028 8997 9383 11324 12804 22112 23122 23831
647 4615 10934 15492 17785 21754
648 4752 15723 16137 16840
649 9715 9969 14809
650 80 539
651 1559 22934
652 3472 7795 10415 12612 15427 16573
653 797 2145 5155 14756 18642 24869
654 1673 9246 18930 20254 22411
655 1868
656 1247 5525 8164 13126 14743 15363 21423 23260
657 1030 3513 4605 5386 5874 7190 16319 19019
658 5980 14766 15216 24391
659 782 2176 5098 6220 11610
660 4124 8190 15083 16759 17771 19584
661 2140 8420 12221 16863 17886 18243 20250 24473
662 6028 6757 16183 17842 21914
663 1508 2359 3835 4664 20770 23462
664 9775
665 3186 7761 9116 9446 15530 16137 16840
666 17614 20243 22484
667 14714 17382 17949
668 10331 11709 13432
669 1220 10358 11722 13381 16908 20073 20857
670 358 13932 15484
671 14931 22628
672 250 4424 21861
673 6959 8296 20449
674 10003 12087 18272 20104
675 15653
676 4804 10736 12853 18265 20461 22820
677 2612 5065 5512 6028 6757 15671 16183 17842 21914 23161
678 4295 5872 7738 9755 17056 23953
679 15965 23963 24469
680 8864 12079
681 7352 13318 14229 15254
682 1231 6039 6888 8902 14542
683 10270 12461 17225 23104
684 5382 17090 19800 23843
685 3241 4173 5817 19123
686 1893 5237 10816 10929 17896 19951 22918 23903
687 2815 6843 7594 8465 21113
688 9853 10594 15446 16718 21099 21299 22259 24207
689 13679 14638 17852
690 8731 16357
691 409 994 4428 7769 10146 10713 16258 17027
692 2034 4026 4972 7545 10205 15349 16505
693 3012 5437 22101
694 48 648 799 3192 3678 8864 18598 22202 22728
695 1664 1882 4922 5922 10321 10380 10614 13651 16827 19119 23157
696 2196 4886 4999 9556 14295 18246 19361
697 12712 15611
698 3294 5302 17993 24150
699 3515 5024 6230 9701 13530 19025 23704
700 12668 12884 14160 23847 24160
701 8995 21669 22511 24501
702 19773
703 4633 9712 16834 24069 24327
704 1834 16918
705 11620
706 3246 9997
707 4378 5360 6312 9707
708 3186 5840 9226 10197 13488 19665
709 13789 14618 18815
710 807 4238 4378 11996 14035 20039 20385 21898 23125 23819 24854
711 5070 16749 21414 24285
712 2359 15723 24962
713 7347 10066 22408
714 5177 18442
715 4915 12811 13339
716 2548 14089
717 8576 8735 14523 14771 15261
718 4264 4399 7890 8361 8682 11797 18089 20437
719 11996 20385
720 8716 8860 15787 19689
721 4935 6482 13080 18195
722 7276 8205 11968 16370 21752
723 8389 14572 16089 20398
724 2979 8916 13001 13147 18180
725 3771 4388 8788
726 1156 9383 9424 9426 16112 18175 19310
727 2028 4873 13339
728 1956 2882 7003 8370 11285 14131 15967 16949 23656
729 656 11417 22698
730 6448 8864 15004
731 782 6586 7223 13918 17101 18471 19883 21191
732 909 4873 11053 11784 16710 19818 20198
733 10686 11622 15146 16462 24018 24819
734 2799 4612 18825 21098
735 494 6424 6563 10169 16696
736 2322 4750 7571 10803 19187 20010 24905
737 446 3151 7702 19157 19311 20015 20828 21685
738 471 1753 4175 7799 10976 17091 22480
739 2372 2637 6835 12017 19948 21722
740 3544 6426 14132 15754 16552 18567 24448
741 21592
742 7284 11300 14856 14906 15519 18238 20080 20902 23168
743 4777 4871 5749 14134 19757 23223 24057
744 1044 2512 14176 14361 15083 19110 20880
745 7161 12937
746 5192 22442
747 2447 3975 4343 9592 20812
748 2223 3385 18346 19166 19453 19554 22925
749 24409 24622
750 2487 2725
751 2265 6409 6873
752 3740
753 711 6244 13639 15800 15916 18320 19634 22712 24863
754 3900 18466 22686
755 1803 7178 10982 16684 16736
756 7047 8258 10170 19801
757 22216
758 9217 13324 19773
759 4279 5817 12936 14036 23248
760 6495 8688 12903 14933 16812 17769 18898 21811
761 722 1040 6562 11459 15353 15526 20951 20959
762 585 3917 9417 11860 16667 17711 19187 23462 23507 24191
763 3523 7565 7802 12282 13339 23624
764 1225 1756 4120 4507 6694 7498
765 9284 9713 9912 10150 10205 17602 18265 20528
766 12515 15684 16969 19689 20523
767 5385 11242 11489 13156 15903 16335
768 9878 9965 12664 24835
769 2241 3901 7352 18089 18527 23434
770 17049 21372 21425
771 5127 5674 8967
772 7482 12075 13061 22214 22277 24666
773 2512 19110
774 492 9706 10153 10266 13171 23108
775 2372 6835 19948
776 4279 5817 14036 23248
777 34 9175 20840 22813 24804
778 866 9938 22672 22976
779 1163 9878 15578 19022 19708 20112 20421 23165
780 2415 3271 13034 19778
781 1476 8438 17492 20281 22686 23433
782 2141 3604 16414 18490 20878
783 1635 2141 3204 6429 9213 16414 18490 20878
784 10639
785 1561 14575 16502 21196 21615
786 4612 15574 18825 21098 22112
787 20459 20685
788 18557 23595
789 2234 11784 17287 21554
790 3384 7838 13253 16153 18206 24365
791 3671 6713 13066 15554 19894 20263
792 8875 14876
793 2265 5616 9921
794 89 536 3315 5262 5699 6900 10598 12132 18961 19044 22921 23178 23905
795 14232 16827 23046 24370 24547
796 1117 8306 14283 15089
797 10178 24978
798 3740
799 6028 6757 16183
800 6749
801 6666 8855 16875 22674
802 2020 18051
803 2021 4435 5681 6749 10847 18093 20322
804 2398 3188 3361 11359 18376 23462
805 809 1005 4328 8433 19282 19324
806 11524
807 2170 9730 10495 10505 11585 12535 15271 17985 22030 22938
808 909 15045 15470 16532 21237 22844
809 10934 15492 17785 21754
810 12079 13865 19797
811 1816 2494 11570 13163 23402
812 3920 7132 11305 16429 19840 23003 24547
813 2864 4456 10366 13324 16320 18044 22644
814 10054 11976 15841 15896 22986 23963
815 1940 20938
816 1487 5614 7890 9218 14088 16900 17263 18642
817 1370 7768 14596 16313 18626 20666
818 11958
819 2191 5002 5283 6112 9108 11968 12028 12435 12939 13457 19314 20192 20475 21961
820 36 11272
821 8009 13038 18338
822 69 11648 12356 13488 22151 23660
823 2740 8661 10801 15145 17067 22948
824 1478 16685 22001 23883
825 2565 8197 20402 21516
826 571 4482 7413 8388 13602
827 808 4651 5655 15268
828 11064 15453 19007 22198 23363
829 2653 3747 7745 9222 9347 20677 21931
830 808 3408 5655 7902
831 5504 7650 15191 21755 23747
832 5899 5941 13195 13547 21742 23433
833 4293 9304 22583
834 1801 11868 20949 21122
835 4750 8680 11612 13521 22963
836 2998 3561 19548 20092 21051
837 2177 3628 6452 6727 7329 10924 20043 20121 21727
838 5705 7425 17689 20685 20729
839 35 4116 14886 17090 24521
840 3555 4296 11693 13461 14008 21385
841 2810 5828 20350
842 3356 4295 5872 7738 9595 16052 22304 23953
843 5211 7306
844 472 4520 8195 10254 12206 19110
845 12059
846 2398 14834 17683
847 4873 18784 19818
848 1459 2638 2866 12768 13910 23573
849 1602 8778 12325 22142
850 2842 8602 10713 16258 22841
851 6131 7838 14917 16153 17122 18206 24365
852 7184 8342 8467
853 1896 4163 10576 10924 17754
854 8056 10258 11797 15390 17423 20543 23434
